3.800000000000000000e+01 4.700000000000000000e+01 1.262387524652359705e-01 2.000000000000000000e+00
4.300000000000000000e+01 5.900000000000000000e+01 1.353116299446445459e-01 2.000000000000000000e+00
5.800000000000000000e+01 1.040000000000000000e+02 1.622946271193364820e-01 2.000000000000000000e+00
3.300000000000000000e+01 1.910000000000000000e+02 1.632355249130060248e-01 2.000000000000000000e+00
5.100000000000000000e+01 8.400000000000000000e+01 1.634030337983407577e-01 2.000000000000000000e+00
1.200000000000000000e+01 1.900000000000000000e+01 1.851100305721223860e-01 2.000000000000000000e+00
8.800000000000000000e+01 1.640000000000000000e+02 2.070661358580459521e-01 2.000000000000000000e+00
3.900000000000000000e+01 2.040000000000000000e+02 2.117637635478280267e-01 3.000000000000000000e+00
4.500000000000000000e+01 2.020000000000000000e+02 2.364246754610912771e-01 2.000000000000000000e+00
5.000000000000000000e+01 8.300000000000000000e+01 2.427157816597834139e-01 2.000000000000000000e+00
2.000000000000000000e+01 1.990000000000000000e+02 2.559614157852140859e-01 2.000000000000000000e+00
1.010000000000000000e+02 1.540000000000000000e+02 2.714217101500304152e-01 2.000000000000000000e+00
1.110000000000000000e+02 2.070000000000000000e+02 2.718920913506729931e-01 3.000000000000000000e+00
1.140000000000000000e+02 1.250000000000000000e+02 2.740991668673510295e-01 2.000000000000000000e+00
6.000000000000000000e+01 1.020000000000000000e+02 2.878073458235682613e-01 2.000000000000000000e+00
1.190000000000000000e+02 1.290000000000000000e+02 2.939046901275844115e-01 2.000000000000000000e+00
7.500000000000000000e+01 9.000000000000000000e+01 2.951460767248332284e-01 2.000000000000000000e+00
4.000000000000000000e+01 1.080000000000000000e+02 2.955274643941623869e-01 2.000000000000000000e+00
3.200000000000000000e+01 2.010000000000000000e+02 2.958958314303199999e-01 2.000000000000000000e+00
1.420000000000000000e+02 2.140000000000000000e+02 2.996190354361878416e-01 3.000000000000000000e+00
5.200000000000000000e+01 1.120000000000000000e+02 3.004315368149276799e-01 2.000000000000000000e+00
5.500000000000000000e+01 1.750000000000000000e+02 3.032143165775404992e-01 2.000000000000000000e+00
1.740000000000000000e+02 1.840000000000000000e+02 3.138254922197739050e-01 2.000000000000000000e+00
4.600000000000000000e+01 1.310000000000000000e+02 3.163505643470182482e-01 2.000000000000000000e+00
1.100000000000000000e+02 1.480000000000000000e+02 3.178008826263748476e-01 2.000000000000000000e+00
2.500000000000000000e+01 1.280000000000000000e+02 3.281645748147536401e-01 2.000000000000000000e+00
3.500000000000000000e+01 8.200000000000000000e+01 3.317611393750579674e-01 2.000000000000000000e+00
5.300000000000000000e+01 7.300000000000000000e+01 3.434961105437748241e-01 2.000000000000000000e+00
6.700000000000000000e+01 1.430000000000000000e+02 3.475395706095437132e-01 2.000000000000000000e+00
1.300000000000000000e+02 2.090000000000000000e+02 3.481679389366021393e-01 3.000000000000000000e+00
2.800000000000000000e+01 6.600000000000000000e+01 3.517979553772712098e-01 2.000000000000000000e+00
4.900000000000000000e+01 1.730000000000000000e+02 3.524954707054084313e-01 2.000000000000000000e+00
1.000000000000000000e+00 9.200000000000000000e+01 3.620449067847066882e-01 2.000000000000000000e+00
1.470000000000000000e+02 1.960000000000000000e+02 3.629141204676645249e-01 2.000000000000000000e+00
9.000000000000000000e+00 1.590000000000000000e+02 3.636958056209793066e-01 2.000000000000000000e+00
6.400000000000000000e+01 1.940000000000000000e+02 3.653896628820917925e-01 2.000000000000000000e+00
2.300000000000000000e+01 7.800000000000000000e+01 3.706090366235083033e-01 2.000000000000000000e+00
4.200000000000000000e+01 1.830000000000000000e+02 3.736364429721861224e-01 2.000000000000000000e+00
3.400000000000000000e+01 1.760000000000000000e+02 3.761245857466585241e-01 2.000000000000000000e+00
1.440000000000000000e+02 1.450000000000000000e+02 3.808164206062436552e-01 2.000000000000000000e+00
2.060000000000000000e+02 2.120000000000000000e+02 3.822436858701617202e-01 4.000000000000000000e+00
1.550000000000000000e+02 1.650000000000000000e+02 3.860010008311512419e-01 2.000000000000000000e+00
7.900000000000000000e+01 1.000000000000000000e+02 3.868292961500205407e-01 2.000000000000000000e+00
2.000000000000000000e+00 7.600000000000000000e+01 3.901748030723491412e-01 2.000000000000000000e+00
8.900000000000000000e+01 2.300000000000000000e+02 3.902359195502607125e-01 3.000000000000000000e+00
3.100000000000000000e+01 9.600000000000000000e+01 3.982565873469510742e-01 2.000000000000000000e+00
5.400000000000000000e+01 5.700000000000000000e+01 4.006920607176305826e-01 2.000000000000000000e+00
8.700000000000000000e+01 1.880000000000000000e+02 4.017488125920710140e-01 2.000000000000000000e+00
1.320000000000000000e+02 1.490000000000000000e+02 4.038793074645281589e-01 2.000000000000000000e+00
1.150000000000000000e+02 1.270000000000000000e+02 4.053151358255734360e-01 2.000000000000000000e+00
1.520000000000000000e+02 1.920000000000000000e+02 4.268994037373343153e-01 2.000000000000000000e+00
1.720000000000000000e+02 2.200000000000000000e+02 4.403652874614542578e-01 3.000000000000000000e+00
7.400000000000000000e+01 1.510000000000000000e+02 4.419420503443176607e-01 2.000000000000000000e+00
1.790000000000000000e+02 1.870000000000000000e+02 4.455208851625826472e-01 2.000000000000000000e+00
1.100000000000000000e+01 2.480000000000000000e+02 4.492162820910580723e-01 4.000000000000000000e+00
1.700000000000000000e+01 1.180000000000000000e+02 4.495052970672569481e-01 2.000000000000000000e+00
9.700000000000000000e+01 1.850000000000000000e+02 4.546189505779802409e-01 2.000000000000000000e+00
1.780000000000000000e+02 2.080000000000000000e+02 4.679142089092214185e-01 3.000000000000000000e+00
1.060000000000000000e+02 2.570000000000000000e+02 4.706923084052372364e-01 3.000000000000000000e+00
2.270000000000000000e+02 2.370000000000000000e+02 4.736113326060606421e-01 4.000000000000000000e+00
8.000000000000000000e+00 2.210000000000000000e+02 4.750515534244382221e-01 3.000000000000000000e+00
1.980000000000000000e+02 2.220000000000000000e+02 4.802555879675742267e-01 3.000000000000000000e+00
8.100000000000000000e+01 1.620000000000000000e+02 4.840596650121171685e-01 2.000000000000000000e+00
1.890000000000000000e+02 1.970000000000000000e+02 4.844948360650594976e-01 2.000000000000000000e+00
6.800000000000000000e+01 2.190000000000000000e+02 4.856095251575401894e-01 3.000000000000000000e+00
2.230000000000000000e+02 2.430000000000000000e+02 4.933998666311411596e-01 5.000000000000000000e+00
1.800000000000000000e+01 1.410000000000000000e+02 4.942526244542857494e-01 2.000000000000000000e+00
6.300000000000000000e+01 2.330000000000000000e+02 4.955915424985663509e-01 4.000000000000000000e+00
1.690000000000000000e+02 2.550000000000000000e+02 4.999649999757113661e-01 4.000000000000000000e+00
1.340000000000000000e+02 2.470000000000000000e+02 5.086107051918767885e-01 3.000000000000000000e+00
1.330000000000000000e+02 2.280000000000000000e+02 5.096999692364881929e-01 3.000000000000000000e+00
7.200000000000000000e+01 1.160000000000000000e+02 5.204072988788897014e-01 2.000000000000000000e+00
6.200000000000000000e+01 2.350000000000000000e+02 5.242894226244172451e-01 3.000000000000000000e+00
1.130000000000000000e+02 2.410000000000000000e+02 5.281124410196758046e-01 3.000000000000000000e+00
9.100000000000000000e+01 2.710000000000000000e+02 5.292102168763891390e-01 5.000000000000000000e+00
4.400000000000000000e+01 2.150000000000000000e+02 5.397997175182852603e-01 3.000000000000000000e+00
2.030000000000000000e+02 2.490000000000000000e+02 5.411659980476227760e-01 3.000000000000000000e+00
2.100000000000000000e+01 2.110000000000000000e+02 5.421956489807360224e-01 4.000000000000000000e+00
2.050000000000000000e+02 2.260000000000000000e+02 5.436846910392140186e-01 4.000000000000000000e+00
1.600000000000000000e+01 1.400000000000000000e+02 5.453779515230201547e-01 2.000000000000000000e+00
6.900000000000000000e+01 1.170000000000000000e+02 5.555757531035226959e-01 2.000000000000000000e+00
9.900000000000000000e+01 1.500000000000000000e+02 5.556890285716312716e-01 2.000000000000000000e+00
1.370000000000000000e+02 1.900000000000000000e+02 5.628488299182206056e-01 2.000000000000000000e+00
1.560000000000000000e+02 1.580000000000000000e+02 5.718386407136110128e-01 2.000000000000000000e+00
1.030000000000000000e+02 2.450000000000000000e+02 5.865832322877835292e-01 3.000000000000000000e+00
2.240000000000000000e+02 2.790000000000000000e+02 5.914439220689592380e-01 5.000000000000000000e+00
2.400000000000000000e+01 2.800000000000000000e+02 5.923695090991762946e-01 4.000000000000000000e+00
9.800000000000000000e+01 2.720000000000000000e+02 5.961991142758982232e-01 5.000000000000000000e+00
7.000000000000000000e+01 2.390000000000000000e+02 5.968692289928573258e-01 3.000000000000000000e+00
1.000000000000000000e+01 1.800000000000000000e+02 5.988770620594963123e-01 2.000000000000000000e+00
1.500000000000000000e+01 2.520000000000000000e+02 6.176599564096394435e-01 3.000000000000000000e+00
2.250000000000000000e+02 2.380000000000000000e+02 6.216631868842621422e-01 4.000000000000000000e+00
1.070000000000000000e+02 2.580000000000000000e+02 6.245885633784624691e-01 5.000000000000000000e+00
1.710000000000000000e+02 2.290000000000000000e+02 6.478150630252195175e-01 3.000000000000000000e+00
2.900000000000000000e+01 2.180000000000000000e+02 6.507458748137525673e-01 3.000000000000000000e+00
9.500000000000000000e+01 2.460000000000000000e+02 6.508181069204865832e-01 3.000000000000000000e+00
2.650000000000000000e+02 2.820000000000000000e+02 6.623906405298809474e-01 7.000000000000000000e+00
1.050000000000000000e+02 2.530000000000000000e+02 6.638052772215629060e-01 3.000000000000000000e+00
2.170000000000000000e+02 2.670000000000000000e+02 6.904415710199877099e-01 4.000000000000000000e+00
7.100000000000000000e+01 2.420000000000000000e+02 6.963840746044802632e-01 3.000000000000000000e+00
4.800000000000000000e+01 2.700000000000000000e+02 6.968184465443945097e-01 3.000000000000000000e+00
2.130000000000000000e+02 2.940000000000000000e+02 7.000205186163558357e-01 5.000000000000000000e+00
5.600000000000000000e+01 1.260000000000000000e+02 7.000626386238762988e-01 2.000000000000000000e+00
2.400000000000000000e+02 2.810000000000000000e+02 7.095568350684527958e-01 6.000000000000000000e+00
2.100000000000000000e+02 2.680000000000000000e+02 7.112300808570578559e-01 5.000000000000000000e+00
2.360000000000000000e+02 2.500000000000000000e+02 7.134020571291576074e-01 4.000000000000000000e+00
1.390000000000000000e+02 1.630000000000000000e+02 7.283724659180830230e-01 2.000000000000000000e+00
6.100000000000000000e+01 3.070000000000000000e+02 7.471812624582550022e-01 7.000000000000000000e+00
1.460000000000000000e+02 2.000000000000000000e+02 7.576287703722648370e-01 2.000000000000000000e+00
1.820000000000000000e+02 2.440000000000000000e+02 7.680863921682908879e-01 5.000000000000000000e+00
1.770000000000000000e+02 2.610000000000000000e+02 7.685375493014249271e-01 4.000000000000000000e+00
1.400000000000000000e+01 2.590000000000000000e+02 7.687978582423523610e-01 3.000000000000000000e+00
2.630000000000000000e+02 2.640000000000000000e+02 7.784065372043751374e-01 7.000000000000000000e+00
1.230000000000000000e+02 2.540000000000000000e+02 7.793716614627042016e-01 3.000000000000000000e+00
2.600000000000000000e+02 2.690000000000000000e+02 7.868733851439198013e-01 7.000000000000000000e+00
6.000000000000000000e+00 2.700000000000000000e+01 7.898344715540509542e-01 2.000000000000000000e+00
3.000000000000000000e+01 7.700000000000000000e+01 8.074324193485296064e-01 2.000000000000000000e+00
2.160000000000000000e+02 3.030000000000000000e+02 8.121669468844689987e-01 6.000000000000000000e+00
1.200000000000000000e+02 3.160000000000000000e+02 8.123596711148206584e-01 8.000000000000000000e+00
1.570000000000000000e+02 1.660000000000000000e+02 8.190690209690844048e-01 2.000000000000000000e+00
2.320000000000000000e+02 2.730000000000000000e+02 8.268072076239180168e-01 5.000000000000000000e+00
4.000000000000000000e+00 2.740000000000000000e+02 8.395665831953901259e-01 4.000000000000000000e+00
1.860000000000000000e+02 2.310000000000000000e+02 8.546976901686462735e-01 3.000000000000000000e+00
2.750000000000000000e+02 2.910000000000000000e+02 8.917913611712415811e-01 7.000000000000000000e+00
8.000000000000000000e+01 3.000000000000000000e+02 8.930159787665795657e-01 8.000000000000000000e+00
2.760000000000000000e+02 2.990000000000000000e+02 9.004858513681215371e-01 6.000000000000000000e+00
6.500000000000000000e+01 9.400000000000000000e+01 9.160246475571057756e-01 2.000000000000000000e+00
2.840000000000000000e+02 2.950000000000000000e+02 9.195214983225707961e-01 6.000000000000000000e+00
2.880000000000000000e+02 3.170000000000000000e+02 9.223696752102079621e-01 6.000000000000000000e+00
2.600000000000000000e+01 1.530000000000000000e+02 9.297314504378159095e-01 2.000000000000000000e+00
1.350000000000000000e+02 1.670000000000000000e+02 9.399046282545925335e-01 2.000000000000000000e+00
2.900000000000000000e+02 3.020000000000000000e+02 9.645341575602245365e-01 8.000000000000000000e+00
3.120000000000000000e+02 3.180000000000000000e+02 9.762798511705501614e-01 9.000000000000000000e+00
3.050000000000000000e+02 3.220000000000000000e+02 9.808135155282678985e-01 1.300000000000000000e+01
7.000000000000000000e+00 2.870000000000000000e+02 9.845935281330061573e-01 3.000000000000000000e+00
2.780000000000000000e+02 2.930000000000000000e+02 1.005691702375798080e+00 7.000000000000000000e+00
2.620000000000000000e+02 2.660000000000000000e+02 1.011907882471657416e+00 5.000000000000000000e+00
2.560000000000000000e+02 3.040000000000000000e+02 1.013684976205346366e+00 5.000000000000000000e+00
3.060000000000000000e+02 3.240000000000000000e+02 1.041584506807398558e+00 7.000000000000000000e+00
2.920000000000000000e+02 3.140000000000000000e+02 1.042559016322612608e+00 7.000000000000000000e+00
1.300000000000000000e+01 1.810000000000000000e+02 1.051604220894762243e+00 2.000000000000000000e+00
3.290000000000000000e+02 3.360000000000000000e+02 1.065791428610946223e+00 1.500000000000000000e+01
1.360000000000000000e+02 2.890000000000000000e+02 1.089094323113313223e+00 6.000000000000000000e+00
2.770000000000000000e+02 3.320000000000000000e+02 1.126604725875193003e+00 9.000000000000000000e+00
3.000000000000000000e+00 1.220000000000000000e+02 1.135878122993867256e+00 2.000000000000000000e+00
1.210000000000000000e+02 3.090000000000000000e+02 1.141308743550981220e+00 5.000000000000000000e+00
9.300000000000000000e+01 3.390000000000000000e+02 1.147889952809398650e+00 8.000000000000000000e+00
2.510000000000000000e+02 2.970000000000000000e+02 1.172020521886081079e+00 5.000000000000000000e+00
3.080000000000000000e+02 3.280000000000000000e+02 1.194029446381376980e+00 1.300000000000000000e+01
2.960000000000000000e+02 3.430000000000000000e+02 1.221867223156617221e+00 1.200000000000000000e+01
2.340000000000000000e+02 3.370000000000000000e+02 1.254227429954083206e+00 1.500000000000000000e+01
1.930000000000000000e+02 3.270000000000000000e+02 1.257227155898700488e+00 8.000000000000000000e+00
3.110000000000000000e+02 3.200000000000000000e+02 1.258272531456307464e+00 9.000000000000000000e+00
2.860000000000000000e+02 3.190000000000000000e+02 1.299706198921600997e+00 4.000000000000000000e+00
3.310000000000000000e+02 3.490000000000000000e+02 1.303452093076645779e+00 1.100000000000000000e+01
3.130000000000000000e+02 3.210000000000000000e+02 1.359064847386906250e+00 1.100000000000000000e+01
2.980000000000000000e+02 3.150000000000000000e+02 1.366814563164320928e+00 6.000000000000000000e+00
3.600000000000000000e+01 1.600000000000000000e+02 1.432989284310683065e+00 2.000000000000000000e+00
3.400000000000000000e+02 3.450000000000000000e+02 1.435360022711568373e+00 2.000000000000000000e+01
1.680000000000000000e+02 2.850000000000000000e+02 1.447975068454173231e+00 3.000000000000000000e+00
3.100000000000000000e+02 3.510000000000000000e+02 1.496963613736727705e+00 7.000000000000000000e+00
1.700000000000000000e+02 3.010000000000000000e+02 1.512101839532228764e+00 4.000000000000000000e+00
1.380000000000000000e+02 3.530000000000000000e+02 1.586704720936183755e+00 1.300000000000000000e+01
3.500000000000000000e+02 3.550000000000000000e+02 1.599489067270503995e+00 1.600000000000000000e+01
3.410000000000000000e+02 3.600000000000000000e+02 1.601224561635318899e+00 1.100000000000000000e+01
2.200000000000000000e+01 1.240000000000000000e+02 1.617634932638786438e+00 2.000000000000000000e+00
2.830000000000000000e+02 3.520000000000000000e+02 1.620307714732217130e+00 1.500000000000000000e+01
3.460000000000000000e+02 3.590000000000000000e+02 1.632567164970755602e+00 1.700000000000000000e+01
8.600000000000000000e+01 3.330000000000000000e+02 1.674796860174818436e+00 3.000000000000000000e+00
3.700000000000000000e+01 1.610000000000000000e+02 1.676824307809352765e+00 2.000000000000000000e+00
3.470000000000000000e+02 3.620000000000000000e+02 1.747523178951626122e+00 2.900000000000000000e+01
3.350000000000000000e+02 3.440000000000000000e+02 1.751699523396438307e+00 1.000000000000000000e+01
3.260000000000000000e+02 3.610000000000000000e+02 1.756504775916742478e+00 5.000000000000000000e+00
3.560000000000000000e+02 3.650000000000000000e+02 1.850765308059841630e+00 1.300000000000000000e+01
3.640000000000000000e+02 3.740000000000000000e+02 1.852035525393623594e+00 3.600000000000000000e+01
3.250000000000000000e+02 3.670000000000000000e+02 1.913538636488553601e+00 2.000000000000000000e+01
3.230000000000000000e+02 3.420000000000000000e+02 2.007827582568475489e+00 9.000000000000000000e+00
3.540000000000000000e+02 3.680000000000000000e+02 2.041945880749318487e+00 2.600000000000000000e+01
3.340000000000000000e+02 3.770000000000000000e+02 2.047410837116572235e+00 1.500000000000000000e+01
3.570000000000000000e+02 3.630000000000000000e+02 2.082508413202209141e+00 7.000000000000000000e+00
3.660000000000000000e+02 3.790000000000000000e+02 2.095586799778055731e+00 3.300000000000000000e+01
3.580000000000000000e+02 3.780000000000000000e+02 2.260953184874894273e+00 4.700000000000000000e+01
3.710000000000000000e+02 3.750000000000000000e+02 2.265996704789241090e+00 2.700000000000000000e+01
3.480000000000000000e+02 3.760000000000000000e+02 2.409429164195119100e+00 7.000000000000000000e+00
3.300000000000000000e+02 3.720000000000000000e+02 2.668068697384296417e+00 5.000000000000000000e+00
3.700000000000000000e+02 3.800000000000000000e+02 2.696111813525438716e+00 2.400000000000000000e+01
4.100000000000000000e+01 8.500000000000000000e+01 2.746082372960376272e+00 2.000000000000000000e+00
1.950000000000000000e+02 3.690000000000000000e+02 2.848324509804774252e+00 3.000000000000000000e+00
3.810000000000000000e+02 3.850000000000000000e+02 2.931315168294311047e+00 7.300000000000000000e+01
5.000000000000000000e+00 3.820000000000000000e+02 2.935715167242534118e+00 1.600000000000000000e+01
1.090000000000000000e+02 3.730000000000000000e+02 3.150904319030273903e+00 3.000000000000000000e+00
3.880000000000000000e+02 3.920000000000000000e+02 3.155271648857518763e+00 7.800000000000000000e+01
3.380000000000000000e+02 3.840000000000000000e+02 3.470601631372272511e+00 3.600000000000000000e+01
3.860000000000000000e+02 3.890000000000000000e+02 3.638318701257942767e+00 5.100000000000000000e+01
3.910000000000000000e+02 3.940000000000000000e+02 3.930898232365459766e+00 6.000000000000000000e+00
3.950000000000000000e+02 3.970000000000000000e+02 4.211806235163355616e+00 1.290000000000000000e+02
3.830000000000000000e+02 3.980000000000000000e+02 4.998221132106519526e+00 1.300000000000000000e+01
0.000000000000000000e+00 3.930000000000000000e+02 5.616484328037556040e+00 1.700000000000000000e+01
3.960000000000000000e+02 3.990000000000000000e+02 5.681731470709073584e+00 1.650000000000000000e+02
3.870000000000000000e+02 4.020000000000000000e+02 6.467286909335328460e+00 1.720000000000000000e+02
4.000000000000000000e+02 4.010000000000000000e+02 8.868258278805589256e+00 3.000000000000000000e+01
4.030000000000000000e+02 4.040000000000000000e+02 1.033311378734522101e+01 2.020000000000000000e+02
3.900000000000000000e+02 4.050000000000000000e+02 1.240587874698947601e+01 2.040000000000000000e+02
